  
 --------------------------------------------
 Physics Parameters:
 -------------------
    gravity:   9.8000000000000007     
    earth_radius:   6367500.0000000000     
    coordinate_system:           1
    sea_level:   0.0000000000000000     
    friction_forcing:   0.0000000000000000     
    friction_coefficient:   30.000000000000000     
    friction_depth:   1000000.0000000000     
    dry_tolerance:   1.0000000000000000E-003
